3,CU68422,9,1047.03
3,CU68422,9,1047.03
3,CU68422,9,1047.03
3,CU68422,9,1047.03
3,CU68422,9,1047.03
3,CU68422,9,1047.03
3,CU68422,9,1047.03
3,CU68422,9,1047.03
3,CU68422,9,1047.03
4,CU68422,9,1047.03
4,CU68422,9,1047.03
4,CU68422,9,1047.03
4,CU68422,9,1047.03
4,CU68422,9,1047.03
4,CU68422,9,1047.03
4,CU68422,9,1047.03
4,CU68422,9,1047.03
4,CU68422,9,1047.03
5,CU68422,9,1047.03
5,CU68422,9,1047.03
5,CU68422,9,1047.03
5,CU68422,9,1047.03
5,CU68422,9,1047.03
5,CU68422,9,1047.03
5,CU68422,9,1047.03
5,CU68422,9,1047.03
5,CU68422,9,1047.03
6,CU68422,9,1047.03
